T0 = 300;
T = 1000;
mu0 = 1360;
q = 1.7*10^-19;
ni = 6.21*10^9
ro = 6.5*10^6


mu = mu0*(T/T0)^-2.42
n = (ro*q*mu)^-1




