N=[0 6 0;1 2 0;1 5 2];
D=[25;13;6];
x=N\D
